No W, si jala
2 0 0 0 0
2 0 0 0 0; 0 1 0 0 0; 0 0 1 0 0; 0 0 0 1 0; 0 0 0 0 1
0 0 0 1 1; 1 0 0 0 0; 1 0 0 0 0; 0 1 0 0 0; 0 0 1 0 0

No W, si jala
1 0 0 1 0 0
1 0 0 0 0; 0 1 0 0 0; 0 0 1 0 0; 1 0 0 0 0; 0 0 0 1 0; 0 0 0 0 1
0 0 1 0 0; 1 0 0 0 0; 0 1 0 0 0; 0 0 0 0 1; 1 0 0 0 0; 0 0 0 1 0

No W, si jala
2 0 0
1 1 0 0 0; 0 0 1 0 1; 0 0 0 1 1
0 0 1 1 1; 1 0 0 0 0; 0 1 0 0 0

No W
1 0 1 0 0
1 0 0 0; 0 1 0 1; 0 1 0 0; 0 0 1 0; 0 0 0 1
0 1 0 0; 1 0 1 0; 0 0 0 1; 0 0 0 1; 0 1 0 0

2 0 0
1 0 0; 0 1 0; 0 0 1
1 0 0; 1 0 1; 0 1 0


Con W, si jala
1 0 0 0
1 0 0; 0 1 1; 0 0 0; 0 1 0
0 0 1; 1 1 0; 0 1 0; 0 0 1

Con W, si jala
1 0 0
1 1 0; 0 0 1; 0 0 1
1 0 0; 1 1 0; 0 1 1

Mellado
1 0 0 0 0 0
1 0 0 0 0; 0 1 0 0 0; 0 0 1 0 0; 0 0 0 1 0; 0 0 0 0 1; 0 0 0 0 1
0 0 0 0 0; 2 0 0 0 2; 0 1 0 0 0; 0 1 0 0 0; 0 0 1 0 0; 0 0 0 1 0